00000000000000000000000000000000000000000000000000000000000000000000000000000000000000000000000000000000000000000000000000000000
00000000000000000000000000000000000000000000000000000000000000000000000000000000000000000000000000000000000000000000000000000000
00000000000000000000000000000000000000000000000000000000000000000000000000000000000000000000000000000000000000000000000000000000
00000000000000000000000000000000000000000000000000000000000000000000000000000000000000000000000000000000000000000000000000000000
00000000000000000000000000000000000000000000000000000000000000000000000000000000100110110101111011000000000000000000000000000000
00000000000000000000000000000000000000000000000000000000000000000000000000010010000001001011000000000000000000000000000000000000
00000000000000000000000000000000000000000000000000000000000000000000000000100000000010000000011010000000000000000000000000000000
00000000000000000000000000000000000000000000000000000000000000000000000000001011011010101010000000000000000010000000000000000000
00000000000000000000000000000000000000000000000000000000000000000100000000000000000000000101010110000000000001000000000000000000
00000000000000000000000000000000000000000000000000000000000000000000000000011101101101010100000000000000001100000000000000000000
00000000000000000000000000000000000000000000000000000000000000000000000000000000000000000000011000000000000000000000000000000000
00000000000000000000000000000000000000000000000000000000000000000000000000000000000101010101000000000000100110000000000000000000
00000000000000000000000000000000000000000000000000000000000000000000000000001001010000000000000000000100010000000000000000000000
00000000000000000000000000000000000000000000000000000000000000000000000000000100000000101000000000010010011000000000000000000000
00000000000000000000000000000000000000000000000000000000000000000000000000000011011010000000000001000000000100000000000000000000
00000000000000000000000000000000000000000000000000000000000000000000000000000000000000000000001000001011011000000000000000000000
00000000100000000000000000000000000000000000000000000000000000010000000000000000000000000000100101000000100000000000000000000000
00000000000000000000001000000000000000000000000000000000000000000000000000000000000000000000010000110100000000000000000000000000
00000000000000000000000000000000000000000000000000000000000000000000000000000000000000101101000010001000000000000000000000000000
00000000000000000100000000000000000000000000000000000000000000000000000000000000000000000000001100100000000000000000000000000000
00000000000000000000000000000000000000000000000000000000000000000000000000000000000000000100100000000000000000000000000000000000
00000000000000000000000000000000000000000000000000100000000000000000000000000000000000101101000000000000000000000000000000000000
00000000000000000000000000000000000000000000000000000000010000000000000000000000100000000010000000000000000000000000000000000000
00000000000000000000000000000100000000000000000000000000000000000000000000000000000000110000000000000000000000000000000000000000
00000000000000000000000000000000000000000000000000000000000000000000000000000000000000100000000000000000000000000000000000000000
00000000000000000000000000000000000000000000000000000000000000000000000000000000000000000000000000000000000000000000000000000000
00000000000000000000000000000000000010000000000000000000000000000000000000000000000000000000000000000000000000000000000000000000
00000000000000000000000000000000000000000000000000000000000000000000000000000000000000000000000000000000000000000000000000000000
00000000001001010110000000000000000000000000000000000000000000000000000000000000000000000000000000000000000000000000000000000000
00000010010000000000000000000000000000000000101011010000000000000000000001000000000000000000000000000000000000000000000000000000
00000000000101010110000000000000000000000101000001000000001000000000000000000000000000000000000000000000000000000000000000000000
00000011010000000000000000000000000000010001100100100000000000001000000000000000000000000000000000000000000000000000000000000000
00000010011010101011000000000000000000000100000000010000000000000000000000000000000000000000000000000000000000000000000000000000
00000001000100010101000000000000000000010101010101100000000000000000000000000000000000000000000000000000000000000000000000000000
00000001010101000000000000000000000000010000000000000000000000000000000000000000000000000000000000000000000000000000000000000000
00000000001010100110000000000000000000010101100101010000000000000100000000000000000010000000000000000000000000000000000000000000
00000010000111000011000000000000000000000000000000100000000000000000000000010000000000000000000000000000000000000000000000000000
00000000100100101000000000000000000000010101010101010000000000000000000000000000000000000000000000000000000000000000000000000000
00000000010100000000000000000000000000000100011000100000000000010000000000000000000000000000000000000000000000000000000000000000
00000000000001011000000000000000000000010001000001010000000000000000000000000000000000000000000000000000000000000000000000000000
00000000000000000000000000000000000000000100101001000000000000000000000000000000000000000000000000000000000000000000000000000000
00000000000000000000000000000000000000010001000010010000000000000000000000000010000000000000000000000000000000000000000000000000
00000000000000000000000000000000000000000100101000010000000000000000000000000000000000000000000000000000000000000000000000000000
00000000000000000000000000000000000000010101000010100000000000000000000000000000000000000000000000000000000000000000000000000000
00000000000000000000000000000000000000010101101000000000000000000000000000000000000000000000000000000000000000000000000000000000
00000000001000000000000000000000000000010000000000000000000000000000000000000000000000000000000000000000000000000000000000000000
00000000000000000000000000000000000000000000000000000000000000000000000000000000000000000000000000000000000000000000000000000000
00000000000000000000000000000000000000000000000000000000000000000000000000000000000000000000000000000000000000000000000000000000
00000000000000000000000000000000000000000000000000000000000000000000000000000000000000000000000000000000000000000000000000000000
00000000000000000000000000000000100000000000000000000000000000000000000000000000000000000000000000000000000000000000000000000000
00000000000000000000000000000000000000010000000000000000000000000000000000000000000000000000000000000000000000000000000000000000
00001000000001000000000000000000000000000000000000000000000000000000000000000000000000000000000000000000000000000000000000000000
00000000000000000000000000000000000000000000000000000000000000000000000000000000000000000000000000000000000000000000000000000000
00000000000000000000000000000000000000000000000000000000000000000000000000000000000000000000000000000000000000000000000000000000
00000000000000000000000000000000000000000000000000010000000000000000000000000000000000000000000000000000000000000000000000000000
00000000000000000000000000000000000000000000000000000000000000000000000000000000000000000000000000000000000000000000000000000000
00000000000000000000000000000000000000000000000000000000000000000000000000000000000000000000000000000000000000000000000000000000
00000000000000000000000000000000000000010000000000000000000000000000000000000000000000000000000000000000000000000000000000000000
00000000000000000000000000000000000000000000000000000000000000000000000000000000000000000000000000000000000000000000000000000000
00000000000000000000000000000000000000000000000000000000000000000000000000000000000000000000000000000000000000000000000000000000
00000000000000000000000000000000000100000000100000000000000000000000000000000000000000000000000000000000000000000000000000000000
00000000000000000000000000000000000000000000000000000000000000000000000000000000000000000000000000000000000000000000000000000000
00000000000000000000000000000000000000000000000000000000000000000000000000000000000000000000000000000000000000000000000000000000
00000000000000000000000000000000000000000000000000000000000000000000000000000000000000000000000000000000000000000000000000000000
00000000000000000000000000000000000000000000000000000000000000000000000000000000000000000000000000000000000000000000000000000000
00000000000000000000000000000000000000000000000000000000000000000000000000000000000000000000000000000000000000000000000000000000
00000000000000000000000000000000000000000000000000000000000000000000000000000000000000000000000000000000000000000000000000000000
00000000000000000000000000000000000000000000000000000000000000000000000000000000000000000000000000000000000000000000000000000000
00000000000000000000000000000000000000000000000000000000000000000000000000000000000000000000000000000000000000000000000000000000
00000000000000000000000000000000000000000000000000000000000000000000000000000000000000000000000000000000000000000000000000000000
00000000000000000000000000000000000000000000000000000000000000000000000000000000000000000000000000000000000000000000000000000000
00000000000000000000000000000000000000000000000000000000000000000000000000000000000000000000000000000000000000000000000000000000
00000000000000000000000000000000000000000000000000000000000000000000000000000000000000000000000000000000000000000000000000000000
00000000000000000000000000000000000000000000000000000000000000000000000000000000000000000000000000000000000000000000000000000000
00000000000000000000000000000000000000000000000000000000000000000000000000000000000000000000000000000000000000000000000000000000
00000000000000000000000000000000000000000000000000000000000000000000000000000000000000000000000000000000000000000000000000000000
00000000000000000000000000000000000000000000000000000000000000000000000000000000000000000000000000000000000000100000000001000000
00000000000000000000000000000000000000000000000000000000000000000000000000000000000000000000000000000000000000000000000000000000
00000000000000000000000000000000000000000000000000000000000000000000000000000000000000000000000000000000000000000000000000000000
00000000000000000000000000000000000000000000000000000000000000000000000000000000000000000000000000000000000010000000000000000000
00000000000000000000000000000000000000000000000000000000000000000000000000000000000000000000000000000000000000000000000000000000
00000000000000000000000000000000000000000000000000000000000000000000000000000000000000000000000000000000000000000000000000000000
00000000000000000000000000000000000000000000000000000000000000000000000000000000000000000000000000000000000000000000000000000000
00000000000000000000000000000000000000000000000000000000000000000000000000000000000000000000000000000000000000000000000000001001
00000000000000000000000000000000000000000000000000000000000000000000000000000000000000000000000000000000000000000000000000010000
00000000000000000000000000000000000000000000000000000000000000000000000000000000000000000000000000000000000000000000000000001001
00000000000000000000000000000000000000000000000000000000000000000000000000000000000000000000000000000000000000000000000000110010
00000000000000000000000000000000000000000000000000000000000000000000000000000000000000000000000000000000000000100000000010001000
00000000000000000000000000000000000000000000000000000000000000000000000000000000000000000000000000000000000000000000000001011100
00000000000000000000000000000000000000000000000000000000000000000000000000000000000000000000000000000000000000000000001010001010
00000000000000000000000000000000000000000000000000000000000000000000000000000000000000000000000000000000000000000000001001010010
00000000000000000000000000000000000000000000000000000000000000000000000000000000000000000000000000000000000000000000101100011010
00000000000000000000000000000000000000000000000000000000000000000000000000000000000000000000000000000000000000000000100100000210
00000000000000000000000000000000000000000000000000000000000000000000000000000000000000000000100000000000000000000010001100101110
00000000000000000000000000000000000000000000000000000000000000000000000000000000000000000000000000000000000000000001000010100010
00000000000000000000000000000000000000000000000000000000000000000000000000000000000100000000000000010000000000000010001212100100
00000000000000000000000000000000000000000000000000000000000000000000000000000000000000000000000000000000000000000011001110111010
00000000000000000000000000000000000000000000000000000000000000000000000000000000000000000000000000000000000000000001001000122110
00000000000000000000000000000000000000000000000000000000000000000000000000000000000000000000000000000000000000000000000010111100
00000000000000000000000000000000000000000000000000000000000000000000000000000000000000000000000000000000000000000010101011002010
00000000000000000000000000000000000000000000000000000000000000000000000000000000000101011111011100000000000000000010101012011100
00000000000000000000000000000000000000000000000000000000000000000000000000000000010000000001012110000000000000000000000011100010
00000000000000000000000000000000000000000000000000000000000000000000000000000000101111111010101111100000000000000010101100011010
00000000000000000000000000000000000000000000000000000000000000000000000000000011100212111001010011000000000000000000000011011000
00000000000000000000000000000000000000000000000000000000000000000000000000000001211111112101010000000000000000000010101100120010
00000000000000000000000000000000000000000000000000000000000000000000000000000001101212110100001101000000000000000000121110111000
00000000000000000000000000000000000000000000000000000000000000000000000000000001010010001011001110000000000000000010101110010010
00000000000000000000000000000000000000000000000000000000000000000000000000000000000101010102101211000000000000000000000000101010
00000000000000000000000000000000000000000000000000000000000000000000000000000010110011101011101111000000000000000010101000000100
00000000000000000000000000000000000000000000000000000000000000000000000000000000001011001010010000000000000000000010000110011001
00000000000000000000000000000000000000000000000000000000000000000000000000000000000000000000000000000000100000000000100010111100
00000000000000000000000000000000000000000000000000000000000000000000000000000000000000000000000000000000000000000000000001100001
00000000000000000000000000000000000000000000000000000000000000000000000000000000000000000000000000000000000000000000000000000100
00000000000000000000000000000000000000000000000000000000000000000000000000000000000000000000000000000000000000000000000000100000
00000000000000000000000000000000000000000000000000000000000000000000000000000000000000000000000000000003000000000000000000000000
00000000000000000000000000000000000000000000000000000000000000000000000000000000000000000000300000000000000000000000000000000000
00000000000000000000000000000000000000000000000000000000000000000000000000000000000000000001000000000000000000000000000000000000
00000000000000000000000000000000000000000000000000000000000000000000000000000000000000000000300000000000000000000000000000000000
00000000000000000000000000000000000000000000000000000000000000000000000000000000000000000000000000000000000000000000000000000000
00000000000000000000000000000000000000000000000000000000000000000000000000000000000000000000000000000030000000000000000000000000
00000000000000000000000000000000000000000000000000000000000000000000000000000000000000000000000000000000000000000000000000000000
00000000000000000000000000000000000000000000000000000000000000000000000000000000000000000000000000000000000000000000000000000000
00000000000000000000000000000000000000000000000000000000000000000000000000000000000010000000000000010000000000000010000000000000
00000000000000000000000000000000000000000000000000000000000000000000000000000000000000000000000000000000000000000000000000000000
00000000000000000000000000000000000000000000000000000000000000000000000000000000000000000000000000000000000000000000000000000000
00000000000000000000000000000000000000000000000000000000000000000000000000000000000000000000000000000000001010000000000000000000
00000000000000000000000000000000000000000000000000000000000000000000000000000000000000000000000000000000000000000000000000000000
00000000000000000000000000000000000000000000000000000000000000000000000000000000000000000000000000000000000000000000000000000000
